20 40
10 18 0 3 14 5 2 7 -3 6 5 6 15 10 5 -2 8 5 6 5
-10 1 -3 9 3 -4 -7 5 -5 6 -1 3 -7 7 5 8 -4 1 3 -3 5353 -1
-5 9 -2 9 9 -7 -7 -3 1 2 -3 4 -4 -5 -5 3 -3 1 3 1 -1957 -1
5 -10 8 2 9 -4 0 2 -6 8 9 6 -2 -9 -8 5 1 5 6 -10 3840 -1
6 -4 -5 -4 5 -9 5 1 -1 1 4 2 7 0 -3 -2 1 7 0 2 6710 -1
2 5 9 -3 -10 -8 9 9 6 6 9 4 -7 5 -5 -7 2 -7 8 6 -9683 -1
-7 -10 -8 8 0 -4 9 8 -3 -5 -10 -5 -1 5 7 -1 0 -1 7 -1 5306 -1
-1 -1 9 8 -10 -9 -10 4 7 -10 -3 6 7 -3 -3 7 -2 2 8 -4 -8697 -1
-10 9 1 -3 -3 0 0 7 -4 -2 8 -4 -6 -8 8 -5 1 -9 -3 7 -7232 -1
6 -2 4 4 7 -4 -7 6 2 3 -1 -9 -5 3 -7 1 -9 4 -9 -7 -8608 -1
-6 3 -9 8 -1 -6 -7 -5 -1 -3 8 -5 8 3 5 0 6 -6 0 4 4483 -1
-9 -7 -7 -5 -6 -7 -1 -8 6 0 3 -10 3 6 -7 -5 -4 1 5 -9 -640 -1
7 -3 5 -6 2 -5 3 -1 -6 7 9 -3 6 2 4 -4 -1 6 -9 5 6893 -1
5 2 7 7 8 6 -6 -4 -2 -3 4 9 4 2 -8 -1 4 -3 0 2 -3781 -1
-5 0 -9 -9 -7 -9 4 -3 8 -8 9 -8 -2 -9 -3 -1 -9 -5 6 -6 -4567 -1
-2 -3 -4 9 8 7 -10 -6 9 -9 5 1 -5 -5 -3 -1 4 7 0 -6 3605 -1
-9 -6 -10 -6 -5 0 -2 0 1 3 7 8 4 3 6 2 3 1 -7 -10 5627 -1
-5 2 2 9 -10 1 8 -1 3 0 -8 -4 6 -4 -7 -6 -2 1 -1 -4 7826 -1
-10 -1 -5 -3 -5 -2 -4 -7 -7 -8 -2 9 -1 0 3 8 -4 -7 -6 0 -6487 -1
-1 4 1 -7 -6 1 9 -3 8 -4 -9 5 -9 -5 -10 6 1 2 8 -9 -130 -1
3 1 -8 7 9 -8 -5 -4 -1 0 -10 7 -10 7 3 -7 -5 -1 8 5 -6255 -1
7 7 8 8 -7 -9 3 4 -6 2 -10 -2 6 0 -10 -10 9 -4 1 -8 -4179 -1
-5 -7 5 4 7 -3 5 4 7 -10 3 -7 -3 -10 1 9 -9 7 6 4 99 -1
5 9 -5 -6 0 -4 -7 4 5 0 -4 1 -5 8 5 9 8 -2 7 -4 860 -1
-7 7 -7 8 -8 -9 -10 -5 -2 1 -9 -6 -1 3 3 2 -9 0 -6 8 -5682 -1
-6 -2 -1 9 -9 -7 4 -9 5 -1 5 -4 -3 -10 -9 9 -8 -5 -10 1 722 -1
7 -7 -9 2 -6 4 -7 1 -6 -6 -2 -9 -9 -7 0 -4 -9 4 -1 -4 -1729 -1
-8 -5 -3 -6 6 -6 -10 4 -3 2 8 7 4 0 1 8 -3 8 -4 -3 3429 -1
-3 -5 4 7 2 7 2 -1 7 -7 -7 3 -5 4 -1 -1 -7 5 -10 -10 1510 -1
2 3 -2 -6 2 0 5 0 9 8 4 8 7 8 9 7 -1 7 -5 1 3314 -1
-7 -6 0 -1 0 7 7 -6 3 -10 -3 1 9 8 2 -3 1 -1 -5 -7 5396 -1
4 3 -1 0 8 -8 6 2 3 -4 -1 6 4 2 7 -7 9 -3 -6 8 9988 -1
5 -9 6 3 -3 6 -10 -3 6 -6 3 6 8 2 0 -4 -8 0 -8 -8 -1891 -1
-1 -9 1 5 -6 -1 0 8 -3 8 5 2 3 0 4 -7 -7 -4 -1 4 159 -1
1 4 2 -3 3 9 0 1 -2 5 -2 3 -4 -3 7 -1 -5 7 6 9 7227 -1
-9 9 3 9 3 -4 -10 7 5 -10 -6 5 5 -8 -3 3 7 -2 8 -9 3827 -1
-1 -5 2 3 3 9 8 -9 -4 -1 3 1 0 -2 8 7 8 3 -3 -1 8682 -1
3 3 -6 2 -3 -9 -6 -8 -6 -3 6 9 7 -2 7 -6 5 -7 4 5 5224 -1
-9 8 6 5 6 8 7 2 6 -2 -9 -10 3 6 2 8 9 3 3 6 8484 -1
-3 -4 7 8 5 -7 7 -1 6 -7 -7 4 -9 6 -8 -8 6 1 -1 -9 -9269 -1
3 -6 4 0 -7 2 -1 -3 0 -4 3 4 8 0 1 -2 -2 -10 0 -1 8504 -1
1 1 1 1 1 1 1 1 1 1 1 1 1 1 1 1 1 1 1 1